0,5276370
0,1032780
0,1152980
0,840740
0,691620
0,1200450
0,357800
,
53001,1810
53001,260
53001,330
53001,330
53001,300
53001,510
53001,80
,
53002,2220
53002,280
53002,390
53002,390
53002,370
53002,690
53002,100
,
53004,3360
53004,470
53004,610
53004,590
53004,520
53004,970
53004,200
,
53005,21800
53005,2050
53005,2220
53005,2480
53005,2780
53005,8180
53005,4090
,
53006,1840
53006,230
53006,270
53006,350
53006,330
53006,560
53006,100
,
53007,1640
53007,360
53007,430
53007,320
53007,240
53007,290
53007,**
,
53010,7190
53010,1120
53010,1270
53010,1230
53010,1200
53010,2050
53010,320
,
53011,2120
53011,370
53011,360
53011,430
53011,350
53011,550
53011,60
,
53012,18880
53012,1980
53012,2280
53012,2130
53012,2260
53012,6390
53012,3840
,
53013,3290
53013,440
53013,520
53013,580
53013,520
53013,1060
53013,170
,
53014,7610
53014,1340
53014,1680
53014,1310
53014,1190
53014,1760
53014,330
,
53015,2430
53015,390
53015,480
53015,440
53015,480
53015,550
53015,90
,
53017,5630
53017,590
53017,580
53017,630
53017,680
53017,2150
53017,1000
,
53018,7370
53018,740
53018,870
53018,830
53018,720
53018,2250
53018,1960
,
53019,1920
53019,260
53019,400
53019,300
53019,300
53019,590
53019,70
,
53020,3320
53020,460
53020,560
53020,480
53020,460
53020,1090
53020,270
,
53021,4600
53021,590
53021,800
53021,810
53021,720
53021,1440
53021,240
,
53022,19350
53022,2350
53022,2950
53022,2490
53022,2450
53022,6740
53022,2370
,
53023,1310
53023,200
53023,260
53023,230
53023,200
53023,350
53023,70
,
53024,18210
53024,2340
53024,2720
53024,2370
53024,2400
53024,6100
53024,2280
,
53027,22390
53027,3350
53027,4030
53027,3630
53027,3420
53027,6590
53027,1370
,
53029,20690
53029,2020
53029,2540
53029,2260
53029,2260
53029,6500
53029,5110
,
53032,4580
53032,780
53032,1170
53032,910
53032,770
53032,870
53032,80
,
53033,5420
53033,500
53033,620
53033,620
53033,720
53033,1980
53033,980
,
53034,1660
53034,310
53034,360
53034,350
53034,310
53034,330
53034,**
,
53035,2180
53035,320
53035,480
53035,420
53035,340
53035,550
53035,70
,
53036,3560
53036,390
53036,510
53036,570
53036,570
53036,1370
53036,150
,
53037,9910
53037,1270
53037,1690
53037,1510
53037,1390
53037,3270
53037,780
,
53038,4040
53038,510
53038,690
53038,720
53038,670
53038,1240
53038,210
,
53039,3790
53039,580
53039,780
53039,770
53039,710
53039,830
53039,120
,
53040,8110
53040,1140
53040,1430
53040,1290
53040,1330
53040,2490
53040,430
,
53042,6560
53042,1020
53042,1270
53042,1170
53042,1090
53042,1660
53042,350
,
53044,2390
53044,220
53044,190
53044,250
53044,290
53044,870
53044,570
,
53045,23330
53045,2160
53045,2360
53045,2290
53045,2340
53045,7590
53045,6590
,
53046,1470
53046,220
53046,230
53046,250
53046,250
53046,430
53046,90
,
53048,3220
53048,530
53048,830
53048,560
53048,530
53048,690
53048,80
,
53049,2460
53049,270
53049,380
53049,400
53049,440
53049,750
53049,220
,
53050,6410
53050,1100
53050,1420
53050,1200
53050,1040
53050,1450
53050,200
,
53051,37580
53051,4450
53051,5320
53051,5040
53051,5010
53051,12240
53051,5520
,
53057,1420
53057,170
53057,260
53057,250
53057,210
53057,460
53057,70
,
53058,3140
53058,320
53058,420
53058,350
53058,260
53058,1010
53058,780
,
53059,1660
53059,270
53059,310
53059,270
53059,250
53059,470
53059,90
,
53061,4700
53061,800
53061,990
53061,770
53061,860
53061,1150
53061,130
,
53063,1400
53063,200
53063,230
53063,260
53063,240
53063,380
53063,90
,
53065,2020
53065,250
53065,350
53065,330
53065,370
53065,630
53065,90
,
53066,36050
53066,4100
53066,4640
53066,4490
53066,4450
53066,12200
53066,6170
,
53069,760
53069,120
53069,130
53069,100
53069,60
53069,190
53069,160
,
53070,4790
53070,610
53070,850
53070,780
53070,820
53070,1440
53070,290
,
53072,25910
53072,2800
53072,3490
53072,2980
53072,2850
53072,7710
53072,6080
,
53073,13620
53073,2360
53073,2490
53073,2400
53073,1970
53073,3530
53073,870
,
53074,12290
53074,1820
53074,2240
53074,1910
53074,1850
53074,3750
53074,720
,
53075,2990
53075,450
53075,660
53075,490
53075,480
53075,780
53075,130
,
53076,3960
53076,410
53076,400
53076,480
53076,570
53076,1410
53076,690
,
53078,1850
53078,220
53078,320
53078,290
53078,280
53078,610
53078,130
,
53079,1490
53079,170
53079,230
53079,280
53079,280
53079,450
53079,80
,
53080,5160
53080,840
53080,1030
53080,840
53080,730
53080,1460
53080,260
,
53081,38270
53081,9310
53081,11030
53081,7020
53081,4980
53081,5160
53081,770
,
53083,20760
53083,3220
53083,4150
53083,3400
53083,3190
53083,5350
53083,1450
,
53085,11130
53085,1840
53085,2300
53085,1940
53085,1740
53085,2690
53085,620
,
53086,9070
53086,1030
53086,1330
53086,1250
53086,1270
53086,3310
53086,880
,
53089,19760
53089,2070
53089,2330
53089,2290
53089,2390
53089,7450
53089,3230
,
53090,20090
53090,3180
53090,3780
53090,3530
53090,3290
53090,5410
53090,900
,
53091,2010
53091,330
53091,410
53091,350
53091,420
53091,450
53091,50
,
53092,21010
53092,1980
53092,2150
53092,2080
53092,2080
53092,6110
53092,6610
,
53093,1760
53093,230
53093,270
53093,330
53093,340
53093,520
53093,70
,
53094,16780
53094,3310
53094,3960
53094,3140
53094,2500
53094,3400
53094,470
,
53095,25800
53095,4060
53095,4630
53095,4050
53095,3840
53095,7110
53095,2110
,
53097,6060
53097,450
53097,520
53097,500
53097,550
53097,1990
53097,2050
,
53098,10640
53098,1920
53098,2380
53098,1880
53098,1660
53098,2410
53098,390
,
53103,3770
53103,460
53103,490
53103,510
53103,580
53103,1340
53103,390
,
53104,5620
53104,860
53104,890
53104,820
53104,600
53104,1850
53104,600
,
53105,27690
53105,4640
53105,5080
53105,4320
53105,3810
53105,7760
53105,2080
,
53108,3210
53108,550
53108,510
53108,480
53108,450
53108,860
53108,360
,
53110,16040
53110,3730
53110,4570
53110,2960
53110,2100
53110,2510
53110,170
,
53114,2400
53114,500
53114,550
53114,490
53114,310
53114,450
53114,100
,
53115,14720
53115,3440
53115,3830
53115,2610
53115,1910
53115,2450
53115,480
,
53118,6910
53118,940
53118,1020
53118,960
53118,940
53118,2200
53118,850
,
53119,5700
53119,610
53119,750
53119,780
53119,860
53119,2180
53119,520
,
53120,9630
53120,1400
53120,1710
53120,1610
53120,1440
53120,2810
53120,660
,
53121,17830
53121,2980
53121,3460
53121,3000
53121,2710
53121,4690
53121,990
,
53122,6500
53122,520
53122,490
53122,490
53122,520
53122,1720
53122,2760
,
53125,1820
53125,250
53125,210
53125,190
53125,160
53125,470
53125,540
,
53126,6760
53126,770
53126,930
53126,990
53126,920
53126,2340
53126,810
,
53128,7510
53128,1330
53128,1640
53128,1350
53128,1170
53128,1780
53128,240
,
53129,13800
53129,1940
53129,2240
53129,2170
53129,2090
53129,4310
53129,1050
,
53130,7390
53130,1180
53130,1290
53130,1230
53130,1110
53130,2160
53130,420
,
53132,33750
53132,4300
53132,4900
53132,4520
53132,4240
53132,11370
53132,4420
,
53137,1590
53137,220
53137,270
53137,250
53137,260
53137,480
53137,110
,
53139,2690
53139,410
53139,460
53139,390
53139,350
53139,900
53139,180
,
53140,23670
53140,7510
53140,6850
53140,3660
53140,2410
53140,2800
53140,440
,
53142,30580
53142,5270
53142,5920
53142,4650
53142,4160
53142,8730
53142,1850
,
53143,19470
53143,5650
53143,5540
53143,3290
53143,2120
53143,2410
53143,460
,
53144,23340
53144,5460
53144,5720
53144,3520
53144,2720
53144,4530
53144,1390
,
53146,7490
53146,870
53146,890
53146,980
53146,1120
53146,2530
53146,1100
,
53147,16190
53147,3330
53147,3330
53147,2370
53147,1710
53147,3530
53147,1920
,
53149,19460
53149,2190
53149,2620
53149,2680
53149,2590
53149,7230
53149,2150
,
53150,25710
53150,2640
53150,3080
53150,3060
53150,3280
53150,9860
53150,3790
,
53151,31610
53151,3710
53151,4490
53151,4500
53151,4400
53151,10650
53151,3860
,
53153,2580
53153,310
53153,350
53153,390
53153,350
53153,920
53153,260
,
53154,34730
53154,5450
53154,6480
53154,5570
53154,4730
53154,10340
53154,2160
,
53156,2830
53156,510
53156,570
53156,530
53156,430
53156,650
53156,140
,
53158,17270
53158,2360
53158,2570
53158,2320
53158,2000
53158,5310
53158,2710
,
53168,8350
53168,1340
53168,1490
53168,1230
53168,1190
53168,2370
53168,730
,
53170,2210
53170,380
53170,420
53170,400
53170,270
53170,610
53170,130
,
53172,18160
53172,3950
53172,4550
53172,3380
53172,2520
53172,3410
53172,350
,
53177,6290
53177,1250
53177,1390
53177,1050
53177,820
53177,1540
53177,240
,
53178,2510
53178,470
53178,530
53178,370
53178,370
53178,650
53178,120
,
53179,5840
53179,950
53179,1000
53179,900
53179,700
53179,1820
53179,470
,
53181,7340
53181,1240
53181,1330
53181,1110
53181,1080
53181,2140
53181,440
,
53182,8220
53182,1370
53182,1530
53182,1310
53182,1160
53182,2280
53182,570
,
53183,3120
53183,340
53183,450
53183,410
53183,460
53183,990
53183,470
,
53184,3790
53184,770
53184,830
53184,660
53184,530
53184,820
53184,180
,
53185,18320
53185,2280
53185,2490
53185,2410
53185,2630
53185,6740
53185,1770
,
53186,28240
53186,5550
53186,6430
53186,4940
53186,3900
53186,6290
53186,1130
,
53188,32640
53188,5010
53188,6050
53188,4990
53188,4550
53188,9430
53188,2610
,
53189,25910
53189,3150
53189,3710
53189,3480
53189,3450
53189,8940
53189,3180
,
53190,11630
53190,2550
53190,2800
53190,1910
53190,1670
53190,2170
53190,530
,
53191,2990
53191,430
53191,510
53191,430
53191,390
53191,810
53191,420
,
53202,18100
53202,3770
53202,4150
53202,3300
53202,1740
53202,2850
53202,2290
,
53203,1570
53203,340
53203,370
53203,320
53203,130
53203,240
53203,170
,
53204,31950
53204,13960
53204,12090
53204,3630
53204,1200
53204,750
53204,320
,
53205,7350
53205,3910
53205,2250
53205,640
53205,230
53205,320
53205,**
,
53206,16990
53206,10310
53206,5010
53206,1160
53206,280
53206,230
53206,**
,
53207,30140
53207,5860
53207,7380
53207,5660
53207,4110
53207,6260
53207,870
,
53208,23480
53208,9270
53208,7230
53208,2730
53208,1620
53208,2190
53208,440
,
53209,37320
53209,15160
53209,11210
53209,4510
53209,2340
53209,3440
53209,660
,
53210,20940
53210,9550
53210,6620
53210,2190
53210,980
53210,1410
53210,190
,
53211,24430
53211,4530
53211,4010
53211,2830
53211,2180
53211,5670
53211,5210
,
53212,21230
53212,8990
53212,6840
53212,2330
53212,1310
53212,1350
53212,410
,
53213,23440
53213,2940
53213,3700
53213,3400
53213,2800
53213,7160
53213,3440
,
53214,29980
53214,7930
53214,9520
53214,5840
53214,3310
53214,3160
53214,220
,
53215,51310
53215,18270
53215,19350
53215,8140
53215,3360
53215,2040
53215,150
,
53216,25560
53216,10630
53216,8700
53216,3250
53216,1430
53216,1430
53216,120
,
53217,29610
53217,2720
53217,2850
53217,2820
53217,2750
53217,9100
53217,9370
,
53218,33110
53218,14160
53218,12050
53218,4000
53218,1680
53218,1170
53218,50
,
53219,30640
53219,7120
53219,9200
53219,5880
53219,4090
53219,4110
53219,240
,
53220,24310
53220,5280
53220,7070
53220,4650
53220,3140
53220,3850
53220,320
,
53221,35590
53221,9220
53221,10790
53221,6280
53221,4030
53221,4740
53221,530
,
53222,22650
53222,4610
53222,5840
53222,4270
53222,3000
53222,4400
53222,530
,
53223,24260
53223,7070
53223,7240
53223,4020
53223,2570
53223,2980
53223,380
,
53224,18970
53224,6230
53224,5750
53224,2560
53224,1600
53224,2470
53224,360
,
53225,22100
53225,7480
53225,7550
53225,3190
53225,1810
53225,1860
53225,210
,
53226,17350
53226,2200
53226,2730
53226,2620
53226,2180
53226,5200
53226,2420
,
53227,20080
53227,4220
53227,5520
53227,3990
53227,2640
53227,3340
53227,370
,
53228,14360
53228,2580
53228,2940
53228,2450
53228,2030
53228,3590
53228,770
,
53233,4180
53233,2520
53233,1230
53233,280
53233,80
53233,70
53233,**
,
53235,7990
53235,1660
53235,2170
53235,1470
53235,1090
53235,1400
53235,200
,
53402,30750
53402,6790
53402,6930
53402,4860
53402,3980
53402,6560
53402,1630
,
53403,22900
53403,7610
53403,6370
53403,3390
53403,2090
53403,2720
53403,720
,
53404,12700
53404,5090
53404,3860
53404,1870
53404,860
53404,960
53404,60
,
53405,22930
53405,6020
53405,6460
53405,4150
53405,2720
53405,3110
53405,470
,
53406,25220
53406,4970
53406,5210
53406,3730
53406,3320
53406,6580
53406,1410
,
53502,2350
53502,380
53502,490
53502,470
53502,310
53502,620
53502,80
,
53503,1830
53503,350
53503,420
53503,350
53503,260
53503,400
53503,50
,
53504,1880
53504,400
53504,410
53504,380
53504,280
53504,360
53504,50
,
53505,340
53505,80
53505,50
53505,100
53505,**
53505,110
53505,**
,
53506,810
53506,200
53506,240
53506,160
53506,80
53506,130
53506,**
,
53507,2310
53507,250
53507,320
53507,300
53507,420
53507,840
53507,180
,
53508,5610
53508,630
53508,870
53508,830
53508,920
53508,1890
53508,470
,
53510,1440
53510,210
53510,360
53510,250
53510,250
53510,370
53510,**
,
53511,42390
53511,12180
53511,12090
53511,7060
53511,4570
53511,5610
53511,880
,
53515,2360
53515,300
53515,390
53515,380
53515,350
53515,740
53515,200
,
53516,2190
53516,360
53516,430
53516,320
53516,400
53516,550
53516,130
,
53517,1880
53517,240
53517,250
53517,280
53517,240
53517,620
53517,250
,
53518,1230
53518,260
53518,360
53518,210
53518,180
53518,220
53518,**
,
53520,6340
53520,1260
53520,1530
53520,1100
53520,970
53520,1310
53520,170
,
53521,3740
53521,410
53521,570
53521,520
53521,520
53521,1310
53521,410
,
53522,990
53522,210
53522,240
53522,180
53522,150
53522,210
53522,**
,
53523,5100
53523,750
53523,820
53523,780
53523,710
53523,1600
53523,440
,
53525,3690
53525,650
53525,830
53525,680
53525,520
53525,830
53525,180
,
53526,570
53526,90
53526,140
53526,110
53526,100
53526,130
53526,**
,
53527,11020
53527,1060
53527,1530
53527,1420
53527,1400
53527,4270
53527,1340
,
53528,6180
53528,600
53528,850
53528,860
53528,840
53528,2170
53528,860
,
53529,2040
53529,200
53529,300
53529,290
53529,280
53529,730
53529,240
,
53530,4210
53530,800
53530,1060
53530,830
53530,590
53530,780
53530,150
,
53531,4380
53531,530
53531,700
53531,680
53531,690
53531,1420
53531,360
,
53532,15790
53532,1600
53532,2230
53532,2190
53532,2330
53532,6000
53532,1440
,
53533,6740
53533,1200
53533,1370
53533,1180
53533,1000
53533,1640
53533,350
,
53534,12070
53534,1790
53534,2410
53534,2140
53534,1940
53534,3290
53534,500
,
53536,8640
53536,1110
53536,1620
53536,1460
53536,1310
53536,2730
53536,410
,
53538,17080
53538,3040
53538,3840
53538,3050
53538,2460
53538,3920
53538,770
,
53541,870
53541,180
53541,240
53541,160
53541,150
53541,140
53541,**
,
53543,1580
53543,310
53543,330
53543,280
53543,230
53543,360
53543,70
,
53544,740
53544,140
53544,150
53544,100
53544,80
53544,270
53544,**
,
53545,20910
53545,4410
53545,5240
53545,3770
53545,2850
53545,3740
53545,900
,
53546,28900
53546,5560
53546,6840
53546,4980
53546,4140
53546,6300
53546,1080
,
53548,16960
53548,4180
53548,4330
53548,2640
53548,2200
53548,3060
53548,550
,
53549,9260
53549,1910
53549,2160
53549,1620
53549,1260
53549,2050
53549,260
,
53550,1160
53550,240
53550,240
53550,240
53550,180
53550,260
53550,**
,
53551,8740
53551,1110
53551,1540
53551,1350
53551,1390
53551,2630
53551,720
,
53553,540
53553,130
53553,150
53553,100
53553,60
53553,100
53553,**
,
53554,1010
53554,160
53554,250
53554,210
53554,150
53554,240
53554,**
,
53555,8540
53555,1000
53555,1350
53555,1230
53555,1210
53555,2850
53555,900
,
53556,2510
53556,560
53556,630
53556,440
53556,380
53556,500
53556,**
,
53557,380
53557,70
53557,90
53557,80
53557,60
53557,80
53557,**
,
53558,12800
53558,1290
53558,1690
53558,1670
53558,1610
53558,4990
53558,1550
,
53559,5960
53559,950
53559,1150
53559,960
53559,920
53559,1680
53559,300
,
53560,3480
53560,480
53560,590
53560,550
53560,580
53560,1030
53560,250
,
53561,1960
53561,280
53561,340
53561,300
53561,250
53561,580
53561,210
,
53562,27950
53562,3080
53562,4200
53562,3440
53562,2910
53562,7870
53562,6450
,
53563,11070
53563,1630
53563,1990
53563,1780
53563,1730
53563,3170
53563,770
,
53565,4580
53565,770
53565,940
53565,770
53565,630
53565,1190
53565,280
,
53566,13850
53566,2940
53566,3230
53566,2420
53566,2050
53566,2630
53566,580
,
53569,1060
53569,160
53569,270
53569,220
53569,170
53569,240
53569,**
,
53570,2440
53570,430
53570,500
53570,440
53570,360
53570,600
53570,110
,
53572,10400
53572,1200
53572,1460
53572,1390
53572,1420
53572,3640
53572,1290
,
53573,2570
53573,590
53573,690
53573,480
53573,400
53573,410
53573,**
,
53574,3870
53574,450
53574,570
53574,570
53574,540
53574,1270
53574,470
,
53575,16460
53575,1710
53575,2160
53575,2160
53575,2030
53575,5850
53575,2550
,
53576,2190
53576,380
53576,480
53576,410
53576,400
53576,470
53576,50
,
53577,1380
53577,190
53577,260
53577,220
53577,250
53577,370
53577,90
,
53578,6280
53578,760
53578,1060
53578,910
53578,850
53578,2160
53578,540
,
53579,1730
53579,320
53579,450
53579,290
53579,250
53579,360
53579,60
,
53580,500
53580,100
53580,170
53580,80
53580,60
53580,90
53580,**
,
53581,8330
53581,1780
53581,2170
53581,1500
53581,1170
53581,1420
53581,290
,
53582,1020
53582,190
53582,190
53582,230
53582,140
53582,270
53582,**
,
53583,5470
53583,840
53583,1070
53583,930
53583,810
53583,1560
53583,260
,
53585,2070
53585,470
53585,550
53585,360
53585,290
53585,400
53585,**
,
53586,1930
53586,410
53586,520
53586,360
53586,290
53586,300
53586,50
,
53587,1250
53587,270
53587,340
53587,250
53587,150
53587,240
53587,**
,
53588,3930
53588,650
53588,690
53588,620
53588,590
53588,1090
53588,290
,
53589,18790
53589,2730
53589,3360
53589,2990
53589,2630
53589,5600
53589,1480
,
53590,42330
53590,5470
53590,7540
53590,5850
53590,5570
53590,13960
53590,3940
,
53593,28460
53593,2250
53593,2960
53593,2910
53593,2970
53593,10150
53593,7220
,
53594,5050
53594,880
53594,1160
53594,930
53594,810
53594,1070
53594,200
,
53597,20880
53597,1950
53597,2350
53597,1980
53597,2060
53597,7120
53597,5420
,
53598,3830
53598,410
53598,640
53598,560
53598,500
53598,1410
53598,310
,
53703,15980
53703,4060
53703,4110
53703,2430
53703,1500
53703,2470
53703,1410
,
53704,41400
53704,8950
53704,10780
53704,7110
53704,5070
53704,7320
53704,2170
,
53705,20900
53705,2730
53705,3320
53705,2770
53705,2160
53705,5860
53705,4060
,
53711,46140
53711,6620
53711,7740
53711,6380
53711,5350
53711,12880
53711,7170
,
53713,19700
53713,5820
53713,6810
53713,3360
53713,1620
53713,1630
53713,460
,
53714,14730
53714,3070
53714,3900
53714,2780
53714,2050
53714,2640
53714,290
,
53715,5020
53715,1380
53715,1110
53715,700
53715,520
53715,960
53715,350
,
53716,17690
53716,2690
53716,3380
53716,2820
53716,2670
53716,4900
53716,1230
,
53717,11470
53717,1620
53717,1860
53717,1550
53717,1270
53717,3100
53717,2070
,
53718,15800
53718,2030
53718,3160
53718,2870
53718,2370
53718,4580
53718,790
,
53719,28970
53719,4060
53719,5880
53719,4870
53719,3820
53719,7920
53719,2420
,
53726,3040
53726,480
53726,390
53726,220
53726,150
53726,760
53726,1040
,
53801,730
53801,190
53801,180
53801,140
53801,120
53801,100
53801,**
,
53803,1200
53803,260
53803,300
53803,240
53803,150
53803,250
53803,**
,
53804,1250
53804,250
53804,340
53804,260
53804,230
53804,170
53804,**
,
53805,4300
53805,1100
53805,1080
53805,730
53805,630
53805,680
53805,80
,
53806,1490
53806,370
53806,400
53806,290
53806,150
53806,280
53806,**
,
53807,4200
53807,670
53807,880
53807,750
53807,720
53807,1030
53807,150
,
53809,3690
53809,760
53809,890
53809,780
53809,540
53809,600
53809,120
,
53810,390
53810,80
53810,120
53810,60
53810,60
53810,70
53810,**
,
53811,2870
53811,500
53811,540
53811,510
53811,460
53811,740
53811,120
,
53813,5490
53813,1010
53813,1170
53813,950
53813,980
53813,1130
53813,250
,
53816,730
53816,130
53816,200
53816,110
53816,130
53816,160
53816,**
,
53818,9970
53818,2370
53818,2180
53818,1580
53818,1280
53818,2080
53818,480
,
53820,2350
53820,440
53820,460
53820,450
53820,340
53820,600
53820,60
,
53821,6760
53821,1670
53821,1710
53821,1150
53821,940
53821,1070
53821,220
,
53825,510
53825,120
53825,100
53825,120
53825,70
53825,100
53825,**
,
53826,1180
53826,250
53826,320
53826,190
53826,210
53826,210
53826,**
,
53827,250
53827,60
53827,80
53827,50
53827,60
53827,**
53827,**
,
53901,12610
53901,2690
53901,3210
53901,2260
53901,1690
53901,2300
53901,460
,
53910,2650
53910,880
53910,720
53910,480
53910,260
53910,310
53910,**
,
53911,1320
53911,130
53911,210
53911,260
53911,210
53911,510
53911,**
,
53913,19050
53913,4280
53913,4800
53913,3450
53913,2490
53913,3340
53913,690
,
53916,21120
53916,4160
53916,5370
53916,3890
53916,3020
53916,3980
53916,700
,
53919,2340
53919,300
53919,420
53919,460
53919,420
53919,670
53919,70
,
53920,440
53920,100
53920,120
53920,80
53920,70
53920,70
53920,**
,
53922,860
53922,150
53922,200
53922,160
53922,160
53922,190
53922,**
,
53923,2080
53923,390
53923,420
53923,400
53923,360
53923,450
53923,60
,
53924,1210
53924,270
53924,280
53924,210
53924,210
53924,240
53924,**
,
53925,7740
53925,1080
53925,1640
53925,1360
53925,1160
53925,2050
53925,450
,
53926,1520
53926,340
53926,440
53926,300
53926,170
53926,270
53926,**
,
53929,2400
53929,560
53929,670
53929,470
53929,300
53929,330
53929,70
,
53930,1180
53930,200
53930,320
53930,250
53930,170
53930,240
53930,**
,
53932,2750
53932,400
53932,570
53932,480
53932,370
53932,810
53932,120
,
53933,2890
53933,650
53933,680
53933,490
53933,370
53933,610
53933,90
,
53934,3670
53934,1180
53934,850
53934,640
53934,470
53934,460
53934,70
,
53936,1310
53936,430
53936,360
53936,260
53936,130
53936,130
53936,**
,
53937,1030
53937,180
53937,280
53937,240
53937,170
53937,160
53937,**
,
53941,2840
53941,470
53941,690
53941,490
53941,450
53941,610
53941,130
,
53943,1000
53943,230
53943,220
53943,190
53943,130
53943,230
53943,**
,
53944,2130
53944,530
53944,530
53944,350
53944,320
53944,400
53944,**
,
53946,3990
53946,650
53946,920
53946,840
53946,690
53946,750
53946,140
,
53948,7080
53948,1760
53948,1910
53948,1200
53948,960
53948,1070
53948,180
,
53949,5560
53949,1420
53949,1310
53949,990
53949,830
53949,920
53949,90
,
53950,4140
53950,940
53950,1010
53950,680
53950,520
53950,810
53950,180
,
53951,2040
53951,500
53951,550
53951,330
53951,250
53951,320
53951,90
,
53952,2920
53952,710
53952,710
53952,520
53952,410
53952,470
53952,100
,
53954,6680
53954,1080
53954,1450
53954,1120
53954,1150
53954,1630
53954,250
,
53955,5800
53955,840
53955,1040
53955,880
53955,1020
53955,1710
53955,310
,
53956,3220
53956,490
53956,660
53956,560
53956,580
53956,800
53956,130
,
53959,13320
53959,2740
53959,3230
53959,2460
53959,1900
53959,2530
53959,460
,
53960,3120
53960,470
53960,630
53960,540
53960,540
53960,820
53960,120
,
53961,780
53961,140
53961,170
53961,130
53961,120
53961,220
53961,**
,
53963,10460
53963,1800
53963,2280
53963,1920
53963,1830
53963,2250
53963,380
,
53964,3260
53964,790
53964,880
53964,560
53964,440
53964,540
53964,50
,
53965,10720
53965,3120
53965,2660
53965,1720
53965,1280
53965,1600
53965,340
,
53968,2000
53968,470
53968,590
53968,370
53968,260
53968,310
53968,**
,
54001,7530
54001,1370
54001,1710
54001,1410
54001,1160
54001,1540
54001,340
,
54002,6200
54002,810
54002,1170
54002,1220
54002,1020
54002,1710
54002,270
,
54003,1030
54003,120
54003,180
54003,200
54003,150
54003,320
54003,60
,
54004,2050
54004,420
54004,530
54004,410
54004,280
54004,410
54004,**
,
54005,3030
54005,490
54005,690
54005,610
54005,510
54005,610
54005,120
,
54006,790
54006,130
54006,180
54006,150
54006,120
54006,210
54006,**
,
54007,1170
54007,180
54007,260
54007,190
54007,170
54007,300
54007,70
,
54009,2510
54009,380
54009,510
54009,430
54009,430
54009,620
54009,140
,
54011,6340
54011,880
54011,1310
54011,1050
54011,1000
54011,1850
54011,250
,
54013,3300
54013,540
54013,710
54013,620
54013,450
54013,850
54013,130
,
54014,2270
54014,330
54014,430
54014,390
54014,290
54014,710
54014,120
,
54015,3920
54015,430
54015,640
54015,570
54015,620
54015,1480
54015,180
,
54016,32090
54016,3390
54016,3890
54016,3750
54016,3730
54016,11270
54016,6060
,
54017,18940
54017,2460
54017,3270
54017,3190
54017,2900
54017,6060
54017,1060
,
54020,7310
54020,1160
54020,1380
54020,1270
54020,1100
54020,1990
54020,410
,
54021,6630
54021,690
54021,1050
54021,870
54021,890
54021,2420
54021,710
,
54022,19120
54022,2790
54022,3190
54022,2620
54022,2700
54022,6130
54022,1690
,
54023,4440
54023,470
54023,610
54023,650
54023,740
54023,1670
54023,300
,
54024,4590
54024,840
54024,1010
54024,840
54024,610
54024,1110
54024,180
,
54025,7350
54025,870
54025,1270
54025,1140
54025,1170
54025,2440
54025,460
,
54026,2010
54026,290
54026,410
54026,370
54026,310
54026,530
54026,100
,
54027,1010
54027,150
54027,200
54027,170
54027,130
54027,360
54027,**
,
54028,2520
54028,400
54028,500
54028,430
54028,410
54028,670
54028,110
,
54082,1730
54082,160
54082,210
54082,180
54082,170
54082,630
54082,380
,
54101,2740
54101,360
54101,440
54101,460
54101,480
54101,850
54101,150
,
54102,720
54102,260
54102,170
54102,110
54102,90
54102,90
54102,**
,
54103,360
54103,90
54103,90
54103,70
54103,60
54103,50
54103,**
,
54104,970
54104,320
54104,220
54104,170
54104,130
54104,130
54104,**
,
54106,4340
54106,660
54106,870
54106,750
54106,750
54106,1160
54106,150
,
54107,3560
54107,670
54107,800
54107,650
54107,590
54107,730
54107,120
,
54110,5260
54110,760
54110,1130
54110,920
54110,930
54110,1350
54110,170
,
54111,1940
54111,410
54111,460
54111,360
54111,320
54111,330
54111,60
,
54112,2010
54112,360
54112,420
54112,440
54112,310
54112,480
54112,**
,
54113,3670
54113,450
54113,520
54113,540
54113,560
54113,1180
54113,420
,
54114,5290
54114,1360
54114,1290
54114,1010
54114,600
54114,860
54114,170
,
54115,45940
54115,5940
54115,7660
54115,6350
54115,6250
54115,14270
54115,5470
,
54119,440
54119,100
54119,110
54119,160
54119,**
54119,70
54119,**
,
54120,220
54120,60
54120,50
54120,50
54120,60
54120,**
54120,**
,
54121,2750
54121,640
54121,620
54121,450
54121,360
54121,560
54121,120
,
54123,240
54123,50
54123,70
54123,40
54123,80
54123,**
54123,**
,
54124,3280
54124,840
54124,910
54124,540
54124,500
54124,430
54124,60
,
54125,370
54125,110
54125,100
54125,80
54125,80
54125,**
54125,**
,
54126,3820
54126,480
54126,660
54126,630
54126,610
54126,1180
54126,260
,
54128,1470
54128,380
54128,390
54128,270
54128,210
54128,220
54128,**
,
54129,3290
54129,440
54129,600
54129,590
54129,560
54129,900
54129,200
,
54130,25980
54130,3760
54130,4990
54130,4290
54130,4360
54130,7140
54130,1440
,
54135,3050
54135,1160
54135,1010
54135,430
54135,220
54135,180
54135,50
,
54136,6330
54136,1120
54136,1480
54136,1260
54136,1070
54136,1240
54136,160
,
54137,1120
54137,140
54137,220
54137,200
54137,220
54137,340
54137,**
,
54138,850
54138,160
54138,250
54138,140
54138,90
54138,210
54138,**
,
54139,2980
54139,500
54139,650
54139,630
54139,510
54139,600
54139,90
,
54140,7660
54140,1360
54140,1810
54140,1460
54140,1290
54140,1530
54140,210
,
54141,2700
54141,320
54141,460
54141,430
54141,410
54141,860
54141,220
,
54143,13490
54143,3420
54143,3620
54143,2240
54143,1820
54143,2030
54143,360
,
54149,1070
54149,320
54149,240
54149,200
54149,130
54149,180
54149,**
,
54150,720
54150,340
54150,300
54150,80
54150,**
54150,**
54150,**
,
54151,3120
54151,770
54151,770
54151,560
54151,400
54151,550
54151,70
,
54153,6340
54153,1400
54153,1630
54153,1100
54153,940
54153,1160
54153,110
,
54154,5050
54154,990
54154,1130
54154,980
54154,740
54154,1100
54154,110
,
54155,7370
54155,1180
54155,1550
54155,1110
54155,890
54155,1700
54155,940
,
54156,1380
54156,390
54156,400
54156,270
54156,160
54156,160
54156,**
,
54157,5110
54157,1060
54157,1260
54157,980
54157,760
54157,900
54157,150
,
54159,1220
54159,260
54159,250
54159,250
54159,200
54159,260
54159,**
,
54161,2670
54161,570
54161,650
54161,480
54161,420
54161,470
54161,80
,
54162,9190
54162,1330
54162,1770
54162,1630
54162,1480
54162,2500
54162,480
,
54165,7500
54165,1170
54165,1530
54165,1330
54165,1170
54165,1990
54165,310
,
54166,14960
54166,3570
54166,3750
54166,2810
54166,2010
54166,2390
54166,430
,
54169,3430
54169,300
54169,380
54169,380
54169,460
54169,1480
54169,430
,
54170,3620
54170,570
54170,670
54170,630
54170,670
54170,940
54170,140
,
54171,4090
54171,370
54171,480
54171,550
54171,710
54171,1670
54171,310
,
54173,4090
54173,490
54173,580
54173,500
54173,590
54173,1240
54173,690
,
54174,2600
54174,720
54174,690
54174,450
54174,320
54174,370
54174,50
,
54175,980
54175,240
54175,240
54175,140
54175,140
54175,220
54175,**
,
54177,2630
54177,760
54177,550
54177,470
54177,360
54177,430
54177,60
,
54180,3170
54180,300
54180,490
54180,460
54180,560
54180,1080
54180,280
,
54201,4720
54201,1040
54201,1210
54201,880
54201,740
54201,740
54201,110
,
54202,1400
54202,240
54202,290
54202,250
54202,200
54202,340
54202,80
,
54204,1810
54204,300
54204,300
54204,310
54204,300
54204,440
54204,160
,
54205,2060
54205,290
54205,350
54205,410
54205,370
54205,560
54205,80
,
54208,6300
54208,910
54208,1120
54208,970
54208,1010
54208,1910
54208,380
,
54209,1490
54209,310
54209,290
54209,230
54209,180
54209,350
54209,130
,
54210,980
54210,220
54210,210
54210,130
54210,120
54210,190
54210,110
,
54212,1150
54212,190
54212,210
54212,190
54212,140
54212,290
54212,130
,
54213,1320
54213,220
54213,320
54213,280
54213,250
54213,250
54213,**
,
54216,5680
54216,940
54216,1330
54216,1070
54216,900
54216,1240
54216,200
,
54217,7320
54217,860
54217,1290
54217,1160
54217,1300
54217,2290
54217,420
,
54220,35220
54220,8040
54220,8620
54220,6180
54220,4810
54220,6270
54220,1300
,
54227,1500
54227,210
54227,240
54227,290
54227,220
54227,480
54227,60
,
54228,2550
54228,460
54228,530
54228,430
54228,400
54228,640
54228,90
,
54229,4310
54229,530
54229,660
54229,660
54229,710
54229,1460
54229,290
,
54230,4280
54230,630
54230,830
54230,690
54230,790
54230,1140
54230,200
,
54234,1940
54234,390
54234,400
54234,320
54234,250
54234,400
54234,180
,
54235,16690
54235,3570
54235,3780
54235,2800
54235,2290
54235,3250
54235,1000
,
54241,12730
54241,3010
54241,3350
54241,2210
54241,1780
54241,2110
54241,270
,
54245,2220
54245,310
54245,430
54245,390
54245,350
54245,650
54245,90
,
54246,690
54246,170
54246,150
54246,140
54246,60
54246,170
54246,**
,
54247,2110
54247,320
54247,430
54247,380
54247,370
54247,540
54247,70
,
54301,20580
54301,4580
54301,4760
54301,3610
54301,2750
54301,3850
54301,1030
,
54302,27710
54302,7470
54302,9210
54302,5170
54302,2960
54302,2450
54302,450
,
54303,23340
54303,7090
54303,7840
54303,4060
54303,2320
54303,1910
54303,120
,
54304,24680
54304,5690
54304,7170
54304,4610
54304,3240
54304,3510
54304,460
,
54311,32730
54311,4750
54311,6460
54311,5260
54311,4880
54311,8990
54311,2390
,
54313,39220
54313,4570
54313,5870
54313,5460
54313,5720
54313,13300
54313,4300
,
54401,28870
54401,5820
54401,7340
54401,4570
54401,3640
54401,5460
54401,2040
,
54403,21990
54403,4620
54403,5240
54403,3600
54403,2990
54403,4050
54403,1490
,
54405,3060
54405,590
54405,1100
54405,600
54405,350
54405,350
54405,70
,
54406,3560
54406,600
54406,670
54406,600
54406,600
54406,910
54406,180
,
54407,1470
54407,250
54407,260
54407,240
54407,240
54407,380
54407,100
,
54408,1000
54408,200
54408,240
54408,190
54408,150
54408,220
54408,**
,
54409,11280
54409,2980
54409,3040
54409,1890
54409,1500
54409,1510
54409,360
,
54410,2060
54410,320
54410,480
54410,340
54410,370
54410,460
54410,90
,
54411,4630
54411,800
54411,1070
54411,900
54411,750
54411,970
54411,140
,
54412,1860
54412,300
54412,400
54412,340
54412,270
54412,490
54412,60
,
54414,3090
54414,560
54414,760
54414,600
54414,460
54414,650
54414,60
,
54416,1460
54416,360
54416,490
54416,250
54416,190
54416,170
54416,**
,
54418,1020
54418,180
54418,220
54418,170
54418,180
54418,270
54418,**
,
54420,1260
54420,370
54420,240
54420,250
54420,170
54420,230
54420,**
,
54421,3160
54421,610
54421,870
54421,620
54421,440
54421,510
54421,110
,
54422,1100
54422,210
54422,340
54422,230
54422,170
54422,150
54422,**
,
54423,2250
54423,310
54423,410
54423,360
54423,350
54423,700
54423,120
,
54424,1440
54424,320
54424,280
54424,260
54424,240
54424,280
54424,60
,
54425,1680
54425,350
54425,490
54425,390
54425,220
54425,230
54425,**
,
54426,4310
54426,640
54426,880
54426,780
54426,760
54426,1070
54426,180
,
54427,1020
54427,200
54427,230
54427,170
54427,160
54427,260
54427,**
,
54428,910
54428,280
54428,210
54428,140
54428,110
54428,170
54428,**
,
54433,1550
54433,410
54433,420
54433,250
54433,170
54433,300
54433,**
,
54435,2020
54435,390
54435,510
54435,380
54435,260
54435,400
54435,80
,
54436,1840
54436,620
54436,430
54436,320
54436,200
54436,270
54436,**
,
54437,2610
54437,600
54437,640
54437,520
54437,350
54437,500
54437,**
,
54440,2890
54440,430
54440,580
54440,510
54440,520
54440,750
54440,100
,
54441,780
54441,70
54441,130
54441,130
54441,130
54441,320
54441,**
,
54442,970
54442,190
54442,180
54442,170
54442,180
54442,250
54442,**
,
54443,2240
54443,320
54443,440
54443,380
54443,350
54443,610
54443,140
,
54446,2740
54446,530
54446,690
54446,520
54446,440
54446,480
54446,80
,
54447,530
54447,110
54447,190
54447,130
54447,**
54447,100
54447,**
,
54448,4180
54448,470
54448,840
54448,650
54448,720
54448,1220
54448,280
,
54449,23940
54449,4510
54449,5430
54449,4120
54449,3160
54449,4800
54449,1920
,
54451,10470
54451,1900
54451,2550
54451,1870
54451,1690
54451,2120
54451,340
,
54452,16920
54452,3360
54452,3960
54452,3090
54452,2570
54452,3420
54452,520
,
54454,1110
54454,190
54454,220
54454,250
54454,220
54454,230
54454,**
,
54455,18390
54455,2670
54455,3440
54455,2860
54455,2990
54455,5330
54455,1100
,
54456,5110
54456,1010
54456,1360
54456,920
54456,800
54456,870
54456,150
,
54457,8000
54457,1880
54457,1930
54457,1340
54457,1170
54457,1400
54457,280
,
54459,1100
54459,270
54459,280
54459,200
54459,160
54459,190
54459,**
,
54460,2210
54460,470
54460,590
54460,470
54460,310
54460,370
54460,**
,
54462,320
54462,110
54462,80
54462,70
54462,60
54462,**
54462,**
,
54463,680
54463,170
54463,130
54463,110
54463,110
54463,160
54463,**
,
54465,540
54465,150
54465,130
54465,90
54465,70
54465,100
54465,**
,
54466,2490
54466,380
54466,560
54466,510
54466,430
54466,550
54466,60
,
54467,13980
54467,2550
54467,3010
54467,2170
54467,1980
54467,3420
54467,850
,
54469,1700
54469,360
54469,460
54469,290
54469,280
54469,310
54469,**
,
54470,1670
54470,350
54470,470
54470,370
54470,270
54470,210
54470,**
,
54471,1800
54471,230
54471,280
54471,290
54471,280
54471,560
54471,160
,
54473,2460
54473,410
54473,460
54473,420
54473,410
54473,660
54473,100
,
54474,3960
54474,770
54474,990
54474,710
54474,650
54474,760
54474,80
,
54475,1380
54475,200
54475,290
54475,270
54475,220
54475,400
54475,**
,
54476,17960
54476,3420
54476,4300
54476,3120
54476,2550
54476,3660
54476,910
,
54479,3560
54479,540
54479,940
54479,710
54479,560
54479,750
54479,60
,
54480,1080
54480,180
54480,310
54480,200
54480,190
54480,200
54480,**
,
54481,21250
54481,5280
54481,5140
54481,3660
54481,2660
54481,3780
54481,730
,
54482,8750
54482,1230
54482,1470
54482,1340
54482,1350
54482,2640
54482,720
,
54484,4780
54484,690
54484,940
54484,800
54484,790
54484,1350
54484,210
,
54485,350
54485,70
54485,70
54485,70
54485,50
54485,90
54485,**
,
54486,2000
54486,530
54486,540
54486,350
54486,260
54486,320
54486,**
,
54487,8930
54487,1910
54487,1820
54487,1350
54487,1390
54487,2060
54487,400
,
54488,1130
54488,200
54488,290
54488,240
54488,210
54488,190
54488,**
,
54489,1420
54489,240
54489,280
54489,270
54489,250
54489,380
54489,**
,
54490,850
54490,160
54490,260
54490,180
54490,130
54490,120
54490,**
,
54491,1370
54491,380
54491,420
54491,250
54491,170
54491,150
54491,**
,
54493,610
54493,150
54493,140
54493,150
54493,60
54493,110
54493,**
,
54494,24830
54494,5280
54494,5940
54494,4380
54494,3670
54494,4760
54494,800
,
54495,6840
54495,1980
54495,1930
54495,1170
54495,740
54495,900
54495,120
,
54498,2120
54498,420
54498,560
54498,390
54498,360
54498,390
54498,**
,
54499,2690
54499,600
54499,750
54499,490
54499,310
54499,490
54499,50
,
54501,18230
54501,4210
54501,4450
54501,3130
54501,2530
54501,3180
54501,730
,
54511,1170
54511,270
54511,320
54511,200
54511,180
54511,200
54511,**
,
54512,1120
54512,260
54512,240
54512,180
54512,160
54512,200
54512,80
,
54513,360
54513,80
54513,80
54513,80
54513,70
54513,50
54513,**
,
54514,1480
54514,320
54514,390
54514,240
54514,230
54514,230
54514,70
,
54515,460
54515,100
54515,130
54515,90
54515,90
54515,50
54515,**
,
54519,1170
54519,290
54519,280
54519,220
54519,150
54519,180
54519,50
,
54520,3700
54520,960
54520,1080
54520,590
54520,420
54520,460
54520,190
,
54521,7850
54521,1770
54521,1760
54521,1370
54521,1060
54521,1450
54521,440
,
54524,580
54524,150
54524,180
54524,90
54524,60
54524,100
54524,**
,
54525,210
54525,60
54525,90
54525,**
54525,60
54525,**
54525,**
,
54526,690
54526,180
54526,190
54526,140
54526,110
54526,70
54526,**
,
54527,840
54527,240
54527,230
54527,170
54527,120
54527,80
54527,**
,
54529,1100
54529,170
54529,220
54529,230
54529,180
54529,300
54529,**
,
54530,640
54530,190
54530,210
54530,80
54530,80
54530,80
54530,**
,
54531,1400
54531,260
54531,290
54531,260
54531,210
54531,270
54531,110
,
54534,2110
54534,560
54534,570
54534,300
54534,310
54534,320
54534,50
,
54537,490
54537,140
54537,170
54537,70
54537,110
54537,**
54537,**
,
54538,2750
54538,1000
54538,780
54538,300
54538,240
54538,310
54538,120
,
54539,1250
54539,270
54539,230
54539,180
54539,180
54539,290
54539,100
,
54540,1080
54540,280
54540,250
54540,180
54540,130
54540,170
54540,70
,
54541,1160
54541,290
54541,300
54541,220
54541,140
54541,210
54541,**
,
54542,440
54542,160
54542,110
54542,70
54542,50
54542,50
54542,0
,
54545,930
54545,170
54545,190
54545,120
54545,130
54545,210
54545,110
,
54546,1050
54546,260
54546,280
54546,160
54546,170
54546,180
54546,**
,
54547,1440
54547,390
54547,310
54547,250
54547,170
54547,260
54547,60
,
54548,5150
54548,1060
54548,1080
54548,780
54548,610
54548,1050
54548,570
,
54550,640
54550,140
54550,180
54550,130
54550,80
54550,110
54550,**
,
54552,3850
54552,1050
54552,950
54552,650
54552,530
54552,590
54552,80
,
54554,960
54554,260
54554,220
54554,150
54554,130
54554,200
54554,**
,
54555,4350
54555,1040
54555,1140
54555,680
54555,640
54555,700
54555,150
,
54556,1040
54556,250
54556,340
54556,170
54556,140
54556,140
54556,**
,
54557,840
54557,190
54557,150
54557,110
54557,110
54557,210
54557,70
,
54558,2080
54558,460
54558,460
54558,360
54558,290
54558,420
54558,90
,
54559,560
54559,140
54559,200
54559,60
54559,60
54559,100
54559,**
,
54560,600
54560,130
54560,130
54560,130
54560,80
54560,130
54560,**
,
54562,2050
54562,400
54562,450
54562,380
54562,260
54562,400
54562,160
,
54563,670
54563,150
54563,160
54563,140
54563,80
54563,140
54563,**
,
54564,440
54564,120
54564,100
54564,70
54564,80
54564,70
54564,**
,
54566,1330
54566,330
54566,400
54566,240
54566,150
54566,160
54566,50
,
54568,5060
54568,1230
54568,1250
54568,800
54568,620
54568,860
54568,300
,
54601,35840
54601,7900
54601,8040
54601,5610
54601,4520
54601,7420
54601,2350
,
54603,11870
54603,3270
54603,3640
54603,2070
54603,1260
54603,1250
54603,380
,
54610,1440
54610,330
54610,320
54610,200
54610,200
54610,390
54610,**
,
54611,1100
54611,210
54611,290
54611,250
54611,160
54611,190
54611,**
,
54612,5020
54612,840
54612,1600
54612,1110
54612,620
54612,700
54612,150
,
54613,1580
54613,460
54613,390
54613,270
54613,200
54613,260
54613,**
,
54614,2680
54614,440
54614,520
54614,440
54614,520
54614,660
54614,100
,
54615,8750
54615,2280
54615,2290
54615,1480
54615,1140
54615,1300
54615,260
,
54616,2310
54616,460
54616,710
54616,420
54616,300
54616,420
54616,**
,
54618,2130
54618,430
54618,550
54618,420
54618,320
54618,410
54618,**
,
54619,3400
54619,820
54619,880
54619,570
54619,460
54619,570
54619,100
,
54621,1120
54621,260
54621,150
54621,220
54621,170
54621,320
54621,**
,
54622,1960
54622,350
54622,470
54622,340
54622,360
54622,440
54622,**
,
54623,1740
54623,240
54623,280
54623,270
54623,280
54623,550
54623,120
,
54624,1350
54624,280
54624,300
54624,270
54624,180
54624,270
54624,50
,
54625,210
54625,50
54625,50
54625,30
54625,80
54625,**
54625,**
,
54626,1190
54626,270
54626,330
54626,200
54626,160
54626,230
54626,**
,
54627,1860
54627,350
54627,410
54627,360
54627,310
54627,430
54627,**
,
54628,1030
54628,240
54628,250
54628,210
54628,110
54628,220
54628,**
,
54629,2360
54629,390
54629,520
54629,470
54629,400
54629,510
54629,70
,
54630,3710
54630,610
54630,830
54630,690
54630,610
54630,830
54630,140
,
54631,1610
54631,410
54631,440
54631,270
54631,170
54631,320
54631,**
,
54632,1090
54632,210
54632,240
54632,220
54632,120
54632,300
54632,**
,
54634,3340
54634,940
54634,920
54634,550
54634,350
54634,510
54634,70
,
54635,1590
54635,370
54635,380
54635,320
54635,270
54635,250
54635,**
,
54636,16090
54636,2020
54636,2780
54636,2320
54636,2570
54636,5320
54636,1080
,
54638,1350
54638,340
54638,280
54638,290
54638,210
54638,230
54638,**
,
54639,2030
54639,570
54639,550
54639,380
54639,250
54639,280
54639,**
,
54642,1910
54642,390
54642,400
54642,350
54642,320
54642,450
54642,**
,
54644,1400
54644,260
54644,270
54644,230
54644,200
54644,440
54644,**
,
54646,3590
54646,910
54646,920
54646,700
54646,510
54646,470
54646,80
,
54648,1440
54648,320
54648,400
54648,280
54648,210
54648,230
54648,**
,
54650,23330
54650,3520
54650,4770
54650,3690
54650,3410
54650,5800
54650,2140
,
54651,1080
54651,250
54651,310
54651,160
54651,190
54651,170
54651,**
,
54652,870
54652,310
54652,210
54652,130
54652,80
54652,140
54652,**
,
54653,1110
54653,160
54653,250
54653,210
54653,230
54653,260
54653,**
,
54655,1590
54655,450
54655,420
54655,290
54655,190
54655,240
54655,**
,
54656,16660
54656,3260
54656,4270
54656,3120
54656,2490
54656,3150
54656,370
,
54657,310
54657,70
54657,90
54657,70
54657,80
54657,**
54657,**
,
54658,2340
54658,370
54658,430
54658,370
54658,380
54658,660
54658,130
,
54659,1100
54659,230
54659,320
54659,210
54659,150
54659,190
54659,**
,
54660,14340
54660,3030
54660,3410
54660,2620
54660,2010
54660,2790
54660,480
,
54661,3640
54661,490
54661,690
54661,600
54661,610
54661,1050
54661,200
,
54664,1490
54664,340
54664,420
54664,250
54664,180
54664,300
54664,**
,
54665,7660
54665,1780
54665,1810
54665,1270
54665,1080
54665,1380
54665,340
,
54666,2230
54666,450
54666,530
54666,430
54666,350
54666,400
54666,70
,
54667,4320
54667,880
54667,1030
54667,790
54667,660
54667,820
54667,140
,
54669,7600
54669,1060
54669,1450
54669,1200
54669,1190
54669,2150
54669,550
,
54670,1310
54670,360
54670,300
54670,210
54670,200
54670,240
54670,**
,
54701,33690
54701,6190
54701,7090
54701,5030
54701,4190
54701,7800
54701,3390
,
54703,37110
54703,7660
54703,8990
54703,6440
54703,5240
54703,7580
54703,1200
,
54720,7950
54720,1470
54720,1950
54720,1320
54720,1050
54720,1650
54720,510
,
54721,1210
54721,230
54721,290
54721,190
54721,230
54721,210
54721,60
,
54722,3510
54722,990
54722,870
54722,620
54722,430
54722,540
54722,60
,
54723,1100
54723,170
54723,290
54723,190
54723,140
54723,310
54723,**
,
54724,7010
54724,1260
54724,1390
54724,1210
54724,1220
54724,1660
54724,270
,
54725,2720
54725,500
54725,660
54725,510
54725,450
54725,600
54725,**
,
54726,1750
54726,330
54726,410
54726,410
54726,240
54726,360
54726,**
,
54727,4770
54727,970
54727,1110
54727,860
54727,690
54727,1010
54727,130
,
54728,5690
54728,1220
54728,1400
54728,1030
54728,790
54728,1060
54728,190
,
54729,31230
54729,5660
54729,6740
54729,5320
54729,4680
54729,7260
54729,1570
,
54730,4850
54730,880
54730,1080
54730,830
54730,830
54730,1070
54730,160
,
54731,580
54731,180
54731,150
54731,120
54731,50
54731,80
54731,**
,
54732,2610
54732,640
54732,690
54732,540
54732,330
54732,410
54732,**
,
54733,1190
54733,280
54733,250
54733,240
54733,180
54733,240
54733,**
,
54734,710
54734,150
54734,160
54734,110
54734,130
54734,160
54734,**
,
54736,3780
54736,740
54736,930
54736,680
54736,530
54736,740
54736,160
,
54737,440
54737,80
54737,90
54737,70
54737,60
54737,140
54737,**
,
54738,3360
54738,540
54738,520
54738,460
54738,440
54738,970
54738,430
,
54739,4960
54739,690
54739,990
54739,820
54739,780
54739,1450
54739,230
,
54740,1800
54740,310
54740,380
54740,370
54740,330
54740,410
54740,**
,
54741,1420
54741,500
54741,350
54741,190
54741,160
54741,220
54741,**
,
54742,4650
54742,690
54742,800
54742,720
54742,780
54742,1360
54742,300
,
54745,2000
54745,450
54745,400
54745,390
54745,320
54745,330
54745,110
,
54746,610
54746,180
54746,150
54746,130
54746,90
54746,60
54746,**
,
54747,2550
54747,500
54747,750
54747,540
54747,370
54747,390
54747,**
,
54748,1210
54748,230
54748,230
54748,190
54748,210
54748,290
54748,60
,
54749,1130
54749,220
54749,260
54749,200
54749,140
54749,310
54749,**
,
54750,990
54750,170
54750,180
54750,170
54750,160
54750,250
54750,60
,
54751,19750
54751,4020
54751,4600
54751,3490
54751,2670
54751,4100
54751,870
,
54754,1470
54754,410
54754,440
54754,230
54754,140
54754,250
54754,**
,
54755,6560
54755,1330
54755,1570
54755,1180
54755,920
54755,1370
54755,190
,
54756,790
54756,170
54756,190
54756,140
54756,120
54756,170
54756,**
,
54757,3280
54757,700
54757,830
54757,580
54757,440
54757,610
54757,120
,
54758,4200
54758,790
54758,920
54758,830
54758,670
54758,850
54758,140
,
54759,1300
54759,260
54759,250
54759,230
54759,240
54759,260
54759,60
,
54761,1010
54761,190
54761,230
54761,240
54761,160
54761,190
54761,**
,
54762,1140
54762,210
54762,300
54762,230
54762,220
54762,180
54762,**
,
54763,950
54763,230
54763,250
54763,150
54763,130
54763,190
54763,**
,
54766,1520
54766,370
54766,540
54766,230
54766,190
54766,190
54766,**
,
54767,3030
54767,440
54767,570
54767,560
54767,510
54767,860
54767,90
,
54768,4160
54768,830
54768,1030
54768,700
54768,620
54768,830
54768,150
,
54769,510
54769,110
54769,90
54769,70
54769,80
54769,160
54769,**
,
54770,2050
54770,360
54770,500
54770,370
54770,290
54770,440
54770,90
,
54771,3960
54771,700
54771,1040
54771,780
54771,600
54771,740
54771,100
,
54772,1010
54772,210
54772,250
54772,180
54772,180
54772,190
54772,**
,
54773,2820
54773,560
54773,720
54773,570
54773,420
54773,460
54773,90
,
54801,6100
54801,1570
54801,1440
54801,1080
54801,800
54801,990
54801,220
,
54805,1310
54805,350
54805,340
54805,280
54805,130
54805,210
54805,**
,
54806,9480
54806,2380
54806,2360
54806,1630
54806,1300
54806,1480
54806,330
,
54810,2280
54810,500
54810,500
54810,400
54810,270
54810,500
54810,110
,
54812,5150
54812,1210
54812,1590
54812,860
54812,700
54812,710
54812,80
,
54813,580
54813,150
54813,150
54813,130
54813,80
54813,70
54813,**
,
54814,2410
54814,730
54814,640
54814,370
54814,290
54814,280
54814,100
,
54817,2160
54817,430
54817,440
54817,340
54817,330
54817,490
54817,130
,
54819,2030
54819,540
54819,550
54819,400
54819,260
54819,280
54819,**
,
54820,810
54820,180
54820,180
54820,130
54820,140
54820,180
54820,**
,
54821,1380
54821,360
54821,300
54821,210
54821,190
54821,220
54821,100
,
54822,4480
54822,860
54822,970
54822,820
54822,680
54822,990
54822,160
,
54824,1930
54824,430
54824,530
54824,320
54824,270
54824,340
54824,40
,
54826,610
54826,160
54826,140
54826,100
54826,40
54826,170
54826,**
,
54827,290
54827,70
54827,60
54827,80
54827,**
54827,80
54827,**
,
54828,480
54828,150
54828,120
54828,100
54828,50
54828,60
54828,**
,
54829,4940
54829,1030
54829,1190
54829,850
54829,720
54829,910
54829,240
,
54830,2760
54830,680
54830,640
54830,470
54830,350
54830,510
54830,110
,
54832,450
54832,120
54832,120
54832,60
54832,60
54832,90
54832,**
,
54835,840
54835,220
54835,220
54835,190
54835,80
54835,130
54835,**
,
54836,1040
54836,150
54836,190
54836,190
54836,160
54836,350
54836,**
,
54837,3430
54837,810
54837,950
54837,560
54837,480
54837,560
54837,70
,
54838,1200
54838,270
54838,270
54838,190
54838,170
54838,250
54838,50
,
54839,280
54839,70
54839,50
54839,60
54839,100
54839,**
54839,**
,
54840,4300
54840,930
54840,1000
54840,820
54840,650
54840,780
54840,120
,
54841,310
54841,70
54841,90
54841,50
54841,100
54841,**
54841,**
,
54843,11050
54843,2570
54843,2870
54843,1790
54843,1280
54843,1950
54843,590
,
54844,260
54844,70
54844,60
54844,80
54844,**
54844,50
54844,**
,
54846,540
54846,80
54846,130
54846,130
54846,90
54846,110
54846,**
,
54847,2370
54847,490
54847,530
54847,480
54847,310
54847,450
54847,110
,
54848,4940
54848,1370
54848,1350
54848,950
54848,600
54848,580
54848,90
,
54849,2000
54849,320
54849,340
54849,390
54849,330
54849,490
54849,130
,
54853,3550
54853,820
54853,870
54853,560
54853,530
54853,690
54853,80
,
54854,870
54854,150
54854,180
54854,200
54854,100
54854,240
54854,**
,
54855,890
54855,100
54855,170
54855,250
54855,150
54855,220
54855,**
,
54856,1360
54856,260
54856,280
54856,310
54856,270
54856,240
54856,**
,
54858,1350
54858,330
54858,370
54858,240
54858,220
54858,190
54858,**
,
54859,1740
54859,430
54859,410
54859,310
54859,240
54859,280
54859,70
,
54862,220
54862,50
54862,70
54862,30
54862,70
54862,**
54862,**
,
54864,1440
54864,230
54864,220
54864,220
54864,230
54864,460
54864,80
,
54865,410
54865,110
54865,100
54865,60
54865,60
54865,80
54865,**
,
54867,440
54867,140
54867,140
54867,80
54867,80
54867,**
54867,**
,
54868,13910
54868,3030
54868,3390
54868,2460
54868,1820
54868,2550
54868,660
,
54870,1520
54870,350
54870,320
54870,300
54870,170
54870,290
54870,90
,
54871,3040
54871,750
54871,730
54871,520
54871,420
54871,520
54871,100
,
54872,2380
54872,650
54872,560
54872,380
54872,360
54872,370
54872,60
,
54873,2840
54873,570
54873,550
54873,530
54873,460
54873,660
54873,70
,
54874,3250
54874,500
54874,660
54874,620
54874,470
54874,910
54874,90
,
54875,970
54875,270
54875,290
54875,150
54875,100
54875,160
54875,**
,
54876,1560
54876,400
54876,390
54876,230
54876,180
54876,230
54876,130
,
54880,24490
54880,5590
54880,6580
54880,4260
54880,2980
54880,4430
54880,650
,
54888,1360
54888,300
54888,360
54888,260
54888,170
54888,270
54888,**
,
54889,2570
54889,590
54889,690
54889,440
54889,340
54889,440
54889,70
,
54891,3000
54891,710
54891,670
54891,460
54891,480
54891,550
54891,130
,
54893,3590
54893,1000
54893,870
54893,590
54893,460
54893,550
54893,120
,
54895,860
54895,210
54895,210
54895,190
54895,100
54895,150
54895,**
,
54896,1320
54896,400
54896,370
54896,210
54896,140
54896,200
54896,**
,
54901,25690
54901,6840
54901,6990
54901,4540
54901,3140
54901,3510
54901,670
,
54902,19740
54902,4410
54902,5400
54902,3850
54902,2620
54902,3020
54902,440
,
54904,21130
54904,2840
54904,3490
54904,3080
54904,3240
54904,6520
54904,1960
,
54909,1850
54909,360
54909,410
54909,390
54909,280
54909,340
54909,70
,
54911,22530
54911,5090
54911,5620
54911,4040
54911,3070
54911,4020
54911,690
,
54913,23790
54913,2330
54913,3340
54913,2930
54913,2940
54913,7830
54913,4420
,
54914,28280
54914,5950
54914,7180
54914,5190
54914,3870
54914,5010
54914,1080
,
54915,41440
54915,6510
54915,8030
54915,6780
54915,6270
54915,11350
54915,2500
,
54921,1280
54921,280
54921,320
54921,230
54921,190
54921,260
54921,**
,
54922,1280
54922,210
54922,350
54922,240
54922,190
54922,290
54922,**
,
54923,7910
54923,1840
54923,1990
54923,1430
54923,1030
54923,1420
54923,200
,
54928,400
54928,90
54928,100
54928,70
54928,80
54928,60
54928,**
,
54929,7800
54929,1730
54929,1940
54929,1460
54929,1210
54929,1230
54929,230
,
54930,1670
54930,400
54930,470
54930,300
54930,210
54930,290
54930,**
,
54932,1100
54932,120
54932,180
54932,160
54932,180
54932,380
54932,80
,
54935,35890
54935,8360
54935,9380
54935,6240
54935,4820
54935,6020
54935,1070
,
54937,19460
54937,2960
54937,3880
54937,3150
54937,2710
54937,5330
54937,1430
,
54940,4000
54940,580
54940,660
54940,670
54940,640
54940,1200
54940,250
,
54941,2470
54941,480
54941,530
54941,370
54941,320
54941,520
54941,250
,
54942,10720
54942,770
54942,1140
54942,1230
54942,1650
54942,4660
54942,1270
,
54943,1610
54943,440
54943,430
54943,290
54943,220
54943,230
54943,**
,
54944,9430
54944,1050
54944,1330
54944,1360
54944,1470
54944,3300
54944,920
,
54945,3340
54945,620
54945,670
54945,630
54945,570
54945,760
54945,90
,
54947,2620
54947,390
54947,470
54947,450
54947,410
54947,710
54947,190
,
54948,260
54948,70
54948,80
54948,50
54948,60
54948,**
54948,0
,
54949,3170
54949,560
54949,760
54949,600
54949,520
54949,670
54949,60
,
54950,2720
54950,650
54950,790
54950,540
54950,350
54950,340
54950,50
,
54952,25020
54952,4910
54952,6020
54952,4340
54952,3500
54952,5000
54952,1250
,
54956,43730
54956,6590
54956,8590
54956,6990
54956,6230
54956,11330
54956,4000
,
54960,2390
54960,590
54960,540
54960,460
54960,370
54960,370
54960,60
,
54961,12860
54961,2320
54961,2940
54961,2380
54961,2020
54961,2810
54961,390
,
54962,1080
54962,230
54962,220
54962,210
54962,200
54962,220
54962,**
,
54963,7100
54963,1100
54963,1460
54963,1180
54963,1140
54963,1910
54963,310
,
54964,1080
54964,120
54964,160
54964,180
54964,190
54964,340
54964,90
,
54965,1250
54965,240
54965,250
54965,240
54965,180
54965,340
54965,**
,
54966,1960
54966,460
54966,530
54966,370
54966,260
54966,280
54966,60
,
54967,380
54967,90
54967,100
54967,120
54967,**
54967,70
54967,0
,
54968,2670
54968,600
54968,670
54968,520
54968,380
54968,440
54968,60
,
54970,2590
54970,810
54970,670
54970,450
54970,320
54970,340
54970,**
,
54971,9350
54971,1770
54971,2200
54971,1690
54971,1470
54971,1940
54971,280
,
54974,1530
54974,180
54974,250
54974,260
54974,290
54974,550
54974,**
,
54977,1230
54977,260
54977,260
54977,220
54977,190
54977,300
54977,**
,
54979,1480
54979,230
54979,290
54979,220
54979,290
54979,400
54979,50
,
54981,13430
54981,2870
54981,3000
54981,2440
54981,1990
54981,2560
54981,570
,
54982,6430
54982,1670
54982,1610
54982,1230
54982,830
54982,890
54982,200
,
54983,4060
54983,750
54983,940
54983,830
54983,680
54983,730
54983,130
,
54984,2870
54984,710
54984,710
54984,520
54984,400
54984,430
54984,100
,
54986,5110
54986,640
54986,800
54986,830
54986,820
54986,1540
54986,480
,
99999,24660
99999,6250
99999,6330
99999,4110
99999,3160
99999,3720
99999,1090
"** - Not shown to avoid disclosure of information 
about specific taxpayers.  However, the data are 
combined with data in an adjacent size class, 
as appropriate, and included in the appropriate totals.",
"[1] The ZIP Code is based on the 5-digit ZIP code on the individual 
income tax return.  ZIP Codes with less than 100 returns, 
identified as a single building ZIP code, or identified as a 
nonresidential ZIP code have been categorized as other (99999).",
"[2] ""Number,"" here, and elsewhere, represents number of returns,
unless otherwise specified. The number of returns have been
rounded to the nearest ten.",
"[3] Beginning in 2018, personal exemption deductions were suspended 
for the primary, secondary, and dependent taxpayers. However, the 
data used to create the Number of individualsfiling status, dependent 
status indicator, and identifying dependent informationare still available 
on the Form 1040. This field is based on these data.",
"[4] The ""Number of volunteer prepared returns"" shows counts of 
returns prepared by IRS-certified volunteers to taxpayers with 
limited income, persons with disabilities, limited English speaking 
taxpayers, current and former members of the military, and 
taxpayers who are 60 years of age and older.",
"[5] These data do not distinguish between refund anticipation 
loans and refund advances.",
[6] Includes primary taxpayers 60 years of age or older.,
[7] Less deficit.,
"[8] ""Qualified dividends"" are ordinary dividends received 
in tax years beginning after 2002 that meet certain 
conditions and receive preferential tax rates. 
The maximum qualified dividends tax rate is 20%.",
"[9] Includes the Alaskan permanent fund, reported by 
residents of Alaska on Form 1040. This fund only applies 
to statistics in the totals, and the state of Alaska.",
"[10] ""Total tax credits"" represent the summation of taxpayer reported
credit items made up in the calculation of the total credits line of Form
1040. It does not include the ""earned income credit"" and ""refundable
education credit,"" which are shown separately below in the table. ",
"[11] ""Earned income credit"" includes both the refundable 
and non-refundable portions.  The non-refundable portion 
could reduce income tax and certain related taxes to zero. 
The earned income credit amounts in excess of total tax 
liability, or amounts when there was no tax liability at all, 
were refundable.  See footnote 10 below for explanation 
of the refundable portion of the earned income credit.",
"[12] The refundable portion of the ""earned income credit"" 
equals ""total income tax"" minus the ""earned income credit.""  
If the result is negative, this amount is considered the 
refundable portion.  No other refundable credits were 
taken into account for this calculation.",
"[13] The ""refundable education credit"" can partially or totally offset tax
liability as well as be totally refundable.",
"[14] The 2020 recovery rebate credit was created by the Coronavirus
Aid, Relief, and Economic Security Act (CARES Act), Public Law
116-136, 134 Stat. 281 (March 27, 2020) and expanded by the COVID-
related Tax Relief Act of 2020, enacted in Subtitle B of Title II of Division
N of the Consolidated Appropriations Act 2021 (CAA), Public Law
116-260, 134 Stat. 1182 (December 27, 2020). The recovery rebate
credit was a credit against income tax for tax year 2020, but the CARES
Act and the CAA directed the IRS to make advance refunds of the
recovery rebate credit as rapidly as possible, using information from
tax year 2018 and 2019 returns in the case of the CARES Act and from
2019 returns in the case of CAA.",
"An advance refund of the 2020 recovery rebate credit made under
section 6428 of the Internal Revenue Code (Code), which was added by
the CARES Act, is referred to as a first round Economic Impact Payment
(EIP). An advance refund of the 2020 recovery rebate credit made under
section 6428A of the Code, which was added by the CAA, is referred to
as a second round EIP. The dollar amount of the 2020 recovery rebate
credit received by the taxpayer when they file their 2020 return is equal
to a tentative amount, calculated based on the taxpayers 2020 return
information, which is then reduced (but not below zero) by the amount
of first- and second round EIPs received by the taxpayer. The number
of returns reported here for the 2020 recovery rebate credit is the
number of returns that claimed some portion of the recovery rebate
credit on their tax year 2020 return. (A taxpayer would want to claim the
recovery rebate credit if they did not receive the full amount of the credit
as EIPs, which could happen, for example, if their income or number of
dependent children on their 2020 return was different than on the 2018
or 2019 return used as the basis for determining their EIP amounts). The
amount reported here for the 2020 recovery rebate credit is the amount
of the recovery rebate credit claimed by taxpayers on 2020 returns,
which does not include the amount received as EIPs.",
"[15] This table includes only payments issued to taxpayers who filed tax
year 2020 returns.  Individuals who received a first or second round
Economic Impact Payment but did not file a 2020 return are excluded
from these tabulations.  For tabulations that include all recipients of first
and second round EIPs, see: ",
"https://www.irs.gov/statistics/soi-tax-
stats-coronavirus-aid-relief-and-economic-security-act-cares-act-
statistics",
"[16] Section 6428 of the Internal Revenue Code (Code) directed the IRS
to use information from tax year 2018 or 2019 returns, with a preference
for the more recent processed return, to determine eligibility for and the
amount of the first round EIP. In contrast, this table is based primarily on
information from tax year 2020 returns. Income, location, and household
composition may have changed between the 2018 or 2019 return used
for the first round EIP and the 2020 return used for this table. Many
taxpayers who would have been ineligible to claim the 2020 recovery
rebate credit on their 2020 return because their 2020 income exceeded
the phaseout region for the credit were, nevertheless, eligible for a first
round EIP on the basis of their 2018 or 2019 income. Section 6428 of the
Code did not include any provisions for otherwise eligible taxpayers who
had income in the eligible range in 2018 or 2019 but whose income
exceeded the eligible range in 2020 to pay back any of the first round
EIP. For details on eligibility criteria, amount, and phaseout structure of
the first round EIP, see:",
"https://www.irs.gov/statistics/soi-tax-
stats-coronavirus-aid-relief-and-economic-security-act-cares-act-
statistics",
"[17] Section 6428A of the Internal Revenue Code (Code) directed the IRS
to use information from tax year 2019 returns to determine eligibility and
amount for the second round EIP. In contrast, this table is based primarily
on information from tax year 2020 returns. Income, location, and
household composition may have changed between the 2019 return
used for the second round EIP and the 2020 return used for this table.
Many taxpayers who would have been ineligible to claim the 2020
recovery rebate credit on their 2020 return because their 2020 income
exceeded the phaseout region for the credit were, nevertheless, eligible
for a second round EIP on the basis of their 2019 income. Section 6428A
of the Code did not include any provisions for otherwise eligible
taxpayers who had income in the eligible range in 2019 but whose
income exceeded the eligible range in 2020 to pay back any of the
second round EIP. For details on eligibility criteria, amount, and phaseout
structure of the second round EIP, see:",
"https://www.irs.gov/statistics/soi-tax-
stats-coronavirus-aid-relief-and-economic-security-act-cares-act-
statistics",
"[18] ""Total tax liability"" differs from ""Income tax,"" in that
""Total tax liability"" includes the taxes from recapture of 
certain prior-year credits, tax applicable to individual 
retirement arrangements (IRA's), social security taxes 
on self-employment income and on certain tip income, 
advanced earned income payments, household
employment taxes, and certain ""other taxes"" listed 
in the Form 1040 instructions.",
"[19] Reflects payments to or withholdings made to 
""Total tax liability"".  This is the amount the tax filer 
owes when the income tax return is filed.",
"[20]  The amount of overpayments the tax filer requested to 
have refunded. ",
"NOTE: This table presents aggregates of all returns filed and
processed through the Individual Master File (IMF) system 
during Calendar Year 2021, including any returns filed for 
tax years preceding 2020.",
"This table is based on tax returns as initially processed by IRS
and does not reflect amended returns or errors that were
corrected after initial processing. In general, during administrative 
or Master File processing, taxpayer reporting discrepancies are 
corrected only to the extent necessary. These statistics should, 
therefore, be used with the knowledge that some of the 
data have not been perfected or edited for statistical purposes 
and that State totals in this table may not be altogether 
comparable to other State totals published by the IRS, 
Statistics of Income Division. ",
"For explanation of the tax law changes which could affect the
year-to-year analysis of data, refer to the respective years'
""Individual Income Tax Returns,"" Publication1304, Introducation
and Changes in Law section.  For further explanation of the
tax terms, refer to the respective years' ""Individual Income Tax
Returns,"" Publication 1304, Explanation of Terms section.",
Detail may not add to totals because of rounding.,
"SOURCE: IRS, Statistics of Income Division, 
Individual Master File System, December 2022.",
